"","modelo","sill","sill.1","distancia","20","40","60","80","100","120","140","160","180","200"
"1","Matern",6,0.3,15,0.096,0.112,0.108,0.096,0.13,0.114,0.13,0.116,0.112,0.078
"2","Matern",38,1.9,15,0.114,0.12,0.122,0.114,0.122,0.118,0.092,0.116,0.146,0.12
"3","Matern",6,3,15,0.126,0.14,0.136,0.112,0.144,0.116,0.116,0.146,0.092,0.14
"4","Matern",38,19,15,0.118,0.154,0.12,0.122,0.132,0.124,0.116,0.124,0.114,0.08
"5","Matern",6,5.7,15,0.1,0.114,0.118,0.11,0.138,0.106,0.104,0.114,0.114,0.116
"6","Matern",38,36.1,15,0.114,0.12,0.128,0.1,0.106,0.132,0.096,0.128,0.124,0.116
"7","Matern",6,0.3,150,0.14,0.172,0.19,0.244,0.332,0.348,0.462,0.604,0.628,0.72
"8","Matern",38,1.9,150,0.144,0.16,0.218,0.248,0.31,0.318,0.428,0.504,0.618,0.64
"9","Matern",6,3,150,0.1,0.144,0.204,0.21,0.25,0.252,0.284,0.364,0.388,0.502
"10","Matern",38,19,150,0.124,0.186,0.218,0.234,0.256,0.36,0.4,0.448,0.492,0.538
"11","Matern",6,5.7,150,0.15,0.148,0.16,0.206,0.234,0.302,0.308,0.378,0.448,0.474
"12","Matern",38,36.1,150,0.12,0.136,0.126,0.176,0.188,0.222,0.246,0.26,0.292,0.306
"13","Matern",6,0.3,285,0.196,0.398,0.66,0.85,0.928,0.978,0.992,1,1,1
"14","Matern",38,1.9,285,0.208,0.472,0.696,0.864,0.936,0.988,0.996,1,1,1
"15","Matern",6,3,285,0.126,0.206,0.256,0.314,0.424,0.562,0.63,0.752,0.842,0.878
"16","Matern",38,19,285,0.138,0.26,0.474,0.632,0.77,0.886,0.962,0.986,0.994,1
"17","Matern",6,5.7,285,0.138,0.176,0.248,0.29,0.388,0.478,0.568,0.624,0.72,0.816
"18","Matern",38,36.1,285,0.15,0.166,0.234,0.306,0.376,0.498,0.574,0.692,0.746,0.81
